R2: 0.7282228225658932
MAE: 0.6045658501952431
RMSE: 1.393197190075075
